spawn:
  world: world
  x: -43.530110730618375
  y: 136.0
  z: -19.39372832879858
  yaw: 2.1026
  pitch: 2.1000025
