spawn:
  world: world
  x: 4.548658742943953
  y: 60.0
  z: 9.50692614037596
  yaw: 91.29234
  pitch: -6.9000125
